000000000000000000000000000000
001111100111110010001001111100
001000000100010011011001000000
001011100111110010101001110000
001000100100010010001001000000
001111100100010010001001111100
000000000000000000000000000000
000000000000000000000000000000
000000000000000000000000000000
000000000111110011111000000000
000000000100010010000000000000
000000000100010011110000000000
000000000100010010000000000000
000000000111110010000000000000
000000000000000000000000000000
000000000000000000000000000000
000000000000000000000000000000
001000000111110011111001111100
001000000001000010000001000000
001000000001000011110001110000
001000000001000010000001000000
001111100111110010000001111100
000000000000000000000000000000
000000000000000000000000000000
000000000000000000000000000000
000000000000000000000000000000
000000000000000000000000000000
000000000000000000000000000000
000000000000000000000000000000
000000000000000000000000000000
